491608.6918098044
491574.58722723485
491416.7856330716
491260.9902925918
490778.66523186263
490184.5292218258
489138.4890047909
487814.66606588336
485964.6536412059
483843.8248710107
481487.25003953377
478755.4441911705
475724.4253930593
472351.56117482245
468510.2735883969
463955.0523547608
458300.2656551834
451302.09007085406
442648.663613935
432247.19184793066
420238.7822123905
406590.31968756445
390879.54459762346
373488.4873020714
355463.217772939
337477.12656195415
320059.0690161568
302953.86868771625
285919.69618902635
269031.44616634736
252487.42800807633
234224.02283940927
216255.6389677747
199818.35719222346
185049.65270902927
171064.65162415133
157504.56603257678
144231.45720680276
133287.1489141707
123615.72718466399
113823.78115216445
105169.12772753752
98505.99525386008
92826.62025485649
87395.13204074519
82338.93430606615
78252.96301367914
75052.68754955777
71586.64882324477
69097.38607784502
66709.0209099028
64685.441251037715
63281.69585647905
61309.0572712195
59921.4633647098
59998.872098269916
59908.50099398651
58652.77357500725
57662.50649180278
55824.59317606521
54829.55280307899
54921.30892746399
53727.368429190974
52591.999460687905
52394.86367412938
51616.03635212525
50757.015952729744
50444.411036350015
49759.83003578064
48978.36022419838
48710.83956640959
48274.093340867046
47809.15209520982
47217.60290937867
47022.635202742655
46780.67789109078
46238.03995169226
45969.99225609917
45842.26523146109
46497.021901016626
48376.80581205759
49176.8936980226
48067.27146478976
48651.82212209366
46992.16717988161
46370.36949935049
47325.72464031189
47303.65915480173
46440.30190357885
46008.08448312163
45846.53709297707
45328.009429674195
44927.65319424407
44689.2255920259
44269.7448713844
44158.80601159094
43593.859359832415
43710.164836922835
43019.16246829953
43082.53858679719
