40331.658386614654
38885.548780546575
37507.725167386314
36199.317825530256
34692.943680040975
33398.48843082923
32285.066963493664
31579.264969612268
29914.015137786464
28903.90933665408
27988.42231268898
26891.30523277474
25694.814295487195
23969.54259812972
23270.864676559147
21496.69492824171
20735.420464978375
18223.075694595023
17187.938553073032
15607.745500078168
14059.127523576879
12901.23333315498
12216.795312540897
12289.179430739108
12910.130372017826
12486.110022712666
11764.464009396519
11510.784556959861
10640.090879407388
10588.471800724978
9771.493154156848
9741.733043152724
9281.316494762163
8880.660747957312
8409.245260144044
8325.412599214786
7942.476323455134
7891.17907693079
7460.59070360983
7375.2963282802375
7136.00302432735
7046.648467440616
6813.503035909985
6792.741442231243
6665.088618342454
6514.63327259007
6424.609011836423
6435.742239404087
6256.90013842935
6254.959616714752
6228.512170344422
6119.637878287664
5939.482151200907
5816.334476076968
5689.32371057063
5722.039681798908
5732.582227434185
5734.668220400183
5767.605369140517
5806.207022275063
6075.417416514954
6323.599025653262
6086.911065584985
5708.996773389091
5742.085160320054
5873.784455102948
5541.34072158035
5787.8878474535995
5473.7113450279685
5570.16052252359
5385.7667082295575
5497.807492164786
5756.070038745374
6084.334024454034
5487.362395354484
5416.766860898969
5830.343506149158
5630.02116082023
5356.817889618967
5509.072155439075
5274.533598972522
5249.334961913142
5319.496896596
5054.119614166866
5241.746526395864
5148.629365166113
4993.357825297582
5137.752172422159
5080.532062845266
5059.839113181978
5216.837744776846
5148.011429672816
5220.110299959435
5207.343400535192
5360.851128104628
5930.824253275538
5266.813002236786
5473.797996692099
5699.013670688463
5480.935576549964
