17219.076247698733
17144.971887636053
17047.2950221354
16924.039975178202
16766.678347401306
16568.271465963124
16319.68111755512
16010.025145892865
15645.275903869613
15219.997741242432
14736.726502454701
14179.889883430624
13550.887074135255
12812.011296800181
11950.487583133037
11127.361518069438
10312.19818705574
9243.573567600686
8302.510287827046
7483.393051954977
7598.777379285668
9702.196469104665
6586.9928778741
8856.596253692513
6641.51973935525
8538.522636439413
6608.722252454252
6773.656208034933
6238.724114738724
6672.692931602803
6442.10434457466
5619.6273401247945
5966.171755516721
4909.498560965243
5576.221975559112
4517.387322881676
5057.37386781691
4448.04627253273
4629.032333037845
4214.0683813066435
4288.2987651041
3918.651365499995
4032.878187696284
3625.4101825931025
3869.470126779457
3426.147456305761
3777.9306158219574
3162.4288039296516
3552.0854321040183
2998.5191586917576
3358.6523992480743
2966.5079733656075
2996.7312451421776
3000.402114897009
2717.8271250737466
2941.9247980085365
2610.354820310436
2679.567217465609
2670.3711451482845
2454.0439382935847
2572.676351019734
2469.5488559638898
2329.1280138281622
2436.9713702994172
2313.2412101205437
2224.218754013659
2304.143845412057
2225.242470541068
2110.383269651908
2163.243160088837
2161.467920183458
2048.3520704242724
2009.5789574671571
2048.270199710539
2032.8748447506127
1954.1078259836333
1908.0748662648966
1922.6177136146157
1937.578258298106
1906.7615742044368
1849.3436565581562
1807.9348616733294
1793.453175027633
1801.3094994191877
1812.2378370107965
1808.6909225578966
1795.067921134441
1759.6467638391841
1722.766989674751
1688.41260493416
1660.7959966458843
1641.9770261852277
1629.3607841505125
1621.928333475426
1623.7996136649826
1646.867317362061
1713.576397441239
1875.9465108543206
1992.979529909122
1949.8296270948085
